25
USA;10;15;17;11;12;16
Rusia;10;21;17;26;27;15
China;1;4;4;0;2;9
Colombia;2;3;6;0;2;9
AAA;1;2;3;4;5;6
BBB;2;3;4;5;6;7
CCC;3;4;5;6;7;8
DDD;4;5;6;7;8;9
EEE;5;6;7;8;9;10
FFF;0;0;0;0;0;0
GGG;1;1;1;1;1;1
HHH;10;10;10;10;10;10
III;9;22;1;1;2;2;0
Ecuador;1;3;0;5;2;1
Peru;12;2;3;5;0;1
Venezuela;5;3;1;9;9;5
España;1;2;3;22;1;0
Francia;12;3;20;1;44;2
Salvador;1;5;1;7;2;4
Canada;2;3;1;6;4;7
Bolivia;12;14;54;22;1;3
Castlevania;3;1;3;1;3;1
Teyvat;44;1;3;2;20;3
Aincrad;1;40;9;30;10;10
FINAL;0;0;0;0;0;0
